94.3883692 Training_Time (s)
3.7302053999999885 Test_time (s)
98.54089862951034 Kappa accuracy (%)
98.72086720867209 Overall accuracy (%)
98.29712121128813 Average accuracy (%)
[100.          94.78599222  98.52744311  99.53051643  99.54022989
  99.847793    96.         100.          88.88888889  98.85714286
  99.36651584  99.06367041 100.          99.82440737  99.71181556
  98.80952381] Each accuracy (%)
                              precision    recall  f1-score   support

                     Alfalfa     0.9535    1.0000    0.9762        41
                 Corn-notill     0.9943    0.9479    0.9705      1285
                Corn-mintill     0.9840    0.9853    0.9846       747
                        Corn     0.9907    0.9953    0.9930       213
               Grass-pasture     0.9908    0.9954    0.9931       435
                 Grass-trees     0.9970    0.9985    0.9977       657
         Grass-pasture-mowed     1.0000    0.9600    0.9796        25
               Hay-windrowed     1.0000    1.0000    1.0000       430
                        Oats     1.0000    0.8889    0.9412        18
              Soybean-notill     0.9741    0.9886    0.9813       875
             Soybean-mintill     0.9725    0.9937    0.9830      2210
               Soybean-clean     0.9981    0.9906    0.9944       534
                       Wheat     1.0000    1.0000    1.0000       185
                       Woods     0.9991    0.9982    0.9987      1139
Buildings-Grass-Trees-Drives     0.9971    0.9971    0.9971       347
          Stone-Steel-Towers     0.9881    0.9881    0.9881        84

                    accuracy                         0.9872      9225
                   macro avg     0.9900    0.9830    0.9862      9225
                weighted avg     0.9874    0.9872    0.9872      9225

[[  41    0    0    0    0    0    0    0    0    0    0    0    0    0
     0    0]
 [   2 1218    3    0    0    0    0    0    0    5   57    0    0    0
     0    0]
 [   0    2  736    2    0    0    0    0    0    7    0    0    0    0
     0    0]
 [   0    0    1  212    0    0    0    0    0    0    0    0    0    0
     0    0]
 [   0    0    2    0  433    0    0    0    0    0    0    0    0    0
     0    0]
 [   0    0    0    0    0  656    0    0    0    0    0    0    0    1
     0    0]
 [   0    0    0    0    1    0   24    0    0    0    0    0    0    0
     0    0]
 [   0    0    0    0    0    0    0  430    0    0    0    0    0    0
     0    0]
 [   0    0    0    0    0    2    0    0   16    0    0    0    0    0
     0    0]
 [   0    4    2    0    3    0    0    0    0  865    1    0    0    0
     0    0]
 [   0    0    2    0    0    0    0    0    0   11 2196    0    0    0
     1    0]
 [   0    0    2    0    0    0    0    0    0    0    2  529    0    0
     0    1]
 [   0    0    0    0    0    0    0    0    0    0    0    0  185    0
     0    0]
 [   0    0    0    0    0    0    0    0    0    0    2    0    0 1137
     0    0]
 [   0    1    0    0    0    0    0    0    0    0    0    0    0    0
   346    0]
 [   0    0    0    0    0    0    0    0    0    0    0    1    0    0
     0   83]]