225.69624830000004 Training_Time (s)
4.912299399999995 Test_time (s)
99.77971409094853 Kappa accuracy (%)
99.83376191589392 Overall accuracy (%)
99.69988114910578 Average accuracy (%)
[ 99.96648794 100.          98.14716781 100.         100.
 100.         100.          99.18527459 100.        ] Each accuracy (%)
                      precision    recall  f1-score   support

             Asphalt     0.9985    0.9997    0.9991      5968
             Meadows     0.9999    1.0000    0.9999     16784
              Gravel     0.9904    0.9815    0.9859      1889
               Trees     0.9993    1.0000    0.9996      2758
Painted metal sheets     1.0000    1.0000    1.0000      1211
           Bare Soil     1.0000    1.0000    1.0000      4526
             Bitumen     1.0000    1.0000    1.0000      1197
Self-Blocking Bricks     0.9901    0.9919    0.9910      3314
             Shadows     1.0000    1.0000    1.0000       852

            accuracy                         0.9983     38499
           macro avg     0.9976    0.9970    0.9973     38499
        weighted avg     0.9983    0.9983    0.9983     38499

[[ 5966     0     0     2     0     0     0     0     0]
 [    0 16784     0     0     0     0     0     0     0]
 [    0     2  1854     0     0     0     0    33     0]
 [    0     0     0  2758     0     0     0     0     0]
 [    0     0     0     0  1211     0     0     0     0]
 [    0     0     0     0     0  4526     0     0     0]
 [    0     0     0     0     0     0  1197     0     0]
 [    9     0    18     0     0     0     0  3287     0]
 [    0     0     0     0     0     0     0     0   852]]