316.4808917 Training_Time (s)
12.341711199999963 Test_time (s)
99.97257307206225 Kappa accuracy (%)
99.97536794137571 Overall accuracy (%)
99.9793739934088 Average accuracy (%)
[100.         100.         100.         100.          99.87551867
 100.          99.96895374  99.94085174 100.         100.
 100.          99.88465975 100.         100.         100.
 100.        ] Each accuracy (%)
                           precision    recall  f1-score   support

    Brocoli_green_weeds_1     1.0000    1.0000    1.0000      1808
    Brocoli_green_weeds_2     1.0000    1.0000    1.0000      3354
                   Fallow     1.0000    1.0000    1.0000      1779
        Fallow_rough_plow     0.9976    1.0000    0.9988      1255
            Fallow_smooth     1.0000    0.9988    0.9994      2410
                  Stubble     0.9997    1.0000    0.9999      3563
                   Celery     1.0000    0.9997    0.9998      3221
         Grapes_untrained     1.0000    0.9994    0.9997     10144
     Soil_vinyard_develop     1.0000    1.0000    1.0000      5583
Corn_senesced_green_weeds     1.0000    1.0000    1.0000      2950
      Lettuce_romaine_4wk     0.9979    1.0000    0.9990       961
      Lettuce_romaine_5wk     1.0000    0.9988    0.9994      1734
      Lettuce_romaine_6wk     1.0000    1.0000    1.0000       825
      Lettuce_romaine_7wk     1.0000    1.0000    1.0000       963
        Vinyard_untrained     0.9991    1.0000    0.9995      6541
 Vinyard_vertical_trellis     1.0000    1.0000    1.0000      1626

                 accuracy                         0.9998     48717
                macro avg     0.9996    0.9998    0.9997     48717
             weighted avg     0.9998    0.9998    0.9998     48717

[[ 1808     0     0     0     0     0     0     0     0     0     0     0
      0     0     0     0]
 [    0  3354     0     0     0     0     0     0     0     0     0     0
      0     0     0     0]
 [    0     0  1779     0     0     0     0     0     0     0     0     0
      0     0     0     0]
 [    0     0     0  1255     0     0     0     0     0     0     0     0
      0     0     0     0]
 [    0     0     0     3  2407     0     0     0     0     0     0     0
      0     0     0     0]
 [    0     0     0     0     0  3563     0     0     0     0     0     0
      0     0     0     0]
 [    0     0     0     0     0     1  3220     0     0     0     0     0
      0     0     0     0]
 [    0     0     0     0     0     0     0 10138     0     0     0     0
      0     0     6     0]
 [    0     0     0     0     0     0     0     0  5583     0     0     0
      0     0     0     0]
 [    0     0     0     0     0     0     0     0     0  2950     0     0
      0     0     0     0]
 [    0     0     0     0     0     0     0     0     0     0   961     0
      0     0     0     0]
 [    0     0     0     0     0     0     0     0     0     0     2  1732
      0     0     0     0]
 [    0     0     0     0     0     0     0     0     0     0     0     0
    825     0     0     0]
 [    0     0     0     0     0     0     0     0     0     0     0     0
      0   963     0     0]
 [    0     0     0     0     0     0     0     0     0     0     0     0
      0     0  6541     0]
 [    0     0     0     0     0     0     0     0     0     0     0     0
      0     0     0  1626]]